# name: debug
# type: sparse matrix
# nnz: 117216
# rows: 6516
# columns: 6516

1 1 1
2 1 4.11494062e-19
3 1 2.79810011e-19
4 1 4.83982022e-20
5 1 -0.0198148372
6 1 0.040089994
7 1 -0.999748963
8 1 -0.0215769368
9 1 -0.00604023774
10 1 0
11 1 0
12 1 0
1 2 4.11494062e-19
2 2 1
3 2 4.57039798e-19
4 2 0.0198148372
5 2 3.56801952e-20
6 2 -0.0437586181
7 2 0.02152321
8 2 -0.999729444
9 2 0.00882238052
10 2 0
11 2 0
12 2 0
1 3 2.79810011e-19
2 3 4.57039798e-19
3 3 1
4 3 -0.040089994
5 3 0.0437586181
6 3 -2.86054365e-20
7 3 0.00622894612
8 3 -0.00869015418
9 3 -0.999942844
10 3 0
11 3 0
12 3 0
1 4 4.83982022e-20
2 4 0.0198148372
3 4 -0.040089994
4 4 995.319092
5 4 -16.4098269
6 4 73.3638827
7 4 0.00017676049
8 4 -0.019461088
9 4 0.0402625166
10 4 -0.99974896
11 4 -0.0215769337
12 4 -0.00604022076
1 5 -0.0198148372
2 5 3.56801952e-20
3 5 0.0437586181
4 5 -16.4098269
5 5 953.637321
6 5 211.784926
7 5 0.0200824331
8 5 4.72743537e-05
9 5 -0.0436364307
10 5 0.0215232127
11 5 -0.999729434
12 5 0.00882237411
1 6 0.040089994
2 6 -0.0437586181
3 6 -2.86054365e-20
4 6 73.3638827
5 6 211.784926
6 6 54.0554468
7 6 -0.0410217559
8 6 0.0428817597
9 6 -0.000628208275
10 6 0.0062289634
11 6 -0.00869016037
12 6 -0.999942868
1 7 -0.999748963
2 7 0.02152321
3 7 0.00622894612
4 7 0.00017676049
5 7 0.0200824331
6 7 -0.0410217559
7 7 2.00000004
8 7 3.00376484e-09
9 7 1.7275289e-08
10 7 -5.39035288e-20
11 7 -0.0206247454
12 7 -0.0648026621
13 7 -0.999943282
14 7 0.00817219388
15 7 0.00681067185
16 7 0
17 7 0
18 7 0
1 8 -0.0215769368
2 8 -0.999729444
3 8 -0.00869015418
4 8 -0.019461088
5 8 4.72743537e-05
6 8 0.0428817597
7 8 3.00376484e-09
8 8 2.00000004
9 8 -6.25409765e-09
10 8 0.0206247454
11 8 3.88984666e-19
12 8 -0.0810589383
13 8 -0.00803664213
14 8 -0.999773572
15 8 0.0196953796
16 8 0
17 8 0
18 8 0
1 9 -0.00604023774
2 9 0.00882238052
3 9 -0.999942844
4 9 0.0402625166
5 9 -0.0436364307
6 9 -0.000628208275
7 9 1.7275289e-08
8 9 -6.25409765e-09
9 9 2.00000001
10 9 0.0648026621
11 9 0.0810589383
12 9 -2.20837503e-19
13 9 -0.00696996975
14 9 -0.019639574
15 9 -0.9997828
16 9 0
17 9 0
18 9 0
1 10 0
2 10 0
3 10 0
4 10 -0.99974896
5 10 0.0215232127
6 10 0.0062289634
7 10 -5.39035288e-20
8 10 0.0206247454
9 10 0.0648026621
10 10 995.971558
11 10 -16.6548375
12 10 75.6297055
13 10 -0.000617426292
14 10 -0.021892772
15 10 -0.0643823748
16 10 -0.999943309
17 10 0.00817217342
18 10 0.00681055587
1 11 0
2 11 0
3 11 0
4 11 -0.0215769337
5 11 -0.999729434
6 11 -0.00869016037
7 11 -0.0206247454
8 11 3.88984666e-19
9 11 0.0810589383
10 11 -16.6548375
11 11 956.009527
12 11 208.819482
13 11 0.0200585972
14 11 -0.00176051243
15 11 -0.0811818006
16 11 -0.00803666082
17 11 -0.999773644
18 11 0.0196954216
1 12 0
2 12 0
3 12 0
4 12 -0.00604022076
5 12 0.00882237411
6 12 -0.999942868
7 12 -0.0648026621
8 12 -0.0810589383
9 12 -2.20837503e-19
10 12 75.6297055
11 12 208.819482
12 12 54.0453322
13 12 0.0654504283
14 12 0.0805110043
15 12 -0.00203783623
16 12 -0.00697008474
17 12 -0.0196395292
18 12 -0.999782623
7 13 -0.999943282
8 13 -0.00803664213
9 13 -0.00696996975
10 13 -0.000617426292
11 13 0.0200585972
12 13 0.0654504283
13 13 1.99999974
14 13 -2.07222968e-08
15 13 -1.144093e-07
16 13 -3.49743381e-20
17 13 0.061669455
18 13 0.130893741
19 13 -0.99998214
20 13 0.00459529503
21 13 -0.00379924234
22 13 0
23 13 0
24 13 0
7 14 0.00817219388
8 14 -0.999773572
9 14 -0.019639574
10 14 -0.021892772
11 14 -0.00176051243
12 14 0.0805110043
13 14 -2.07222968e-08
14 14 1.99999969
15 14 4.63787811e-08
16 14 -0.061669455
17 14 1.29777216e-20
18 14 0.204870185
19 14 -0.00460190601
20 14 -0.999987805
21 14 0.00173673054
22 14 0
23 14 0
24 14 0
7 15 0.00681067185
8 15 0.0196953796
9 15 -0.9997828
10 15 -0.0643823748
11 15 -0.0811818006
12 15 -0.00203783623
13 15 -1.144093e-07
14 15 4.63787811e-08
15 15 1.99999994
16 15 -0.130893741
17 15 -0.204870185
18 15 -7.26410727e-20
19 15 0.00379128955
20 15 -0.00175421357
21 15 -0.999991255
22 15 0
23 15 0
24 15 0
7 16 0
8 16 0
9 16 0
10 16 -0.999943309
11 16 -0.00803666082
12 16 -0.00697008474
13 16 -3.49743381e-20
14 16 -0.061669455
15 16 -0.130893741
16 16 995.646683
17 16 -16.2096976
18 16 77.9025372
19 16 -0.000212459036
20 16 0.0618983185
21 16 0.130785493
22 16 -0.999982157
23 16 0.00459528155
24 16 -0.00379931623
7 17 0
8 17 0
9 17 0
10 17 0.00817217342
11 17 -0.999773644
12 17 -0.0196395292
13 17 0.061669455
14 17 1.29777216e-20
15 17 -0.204870185
16 17 -16.2096976
17 17 960.693835
18 17 198.449519
19 17 -0.0624450758
20 17 0.0006427754
21 17 0.204634097
22 17 -0.00460191976
23 17 -0.99998785
24 17 0.00173676024
7 18 0
8 18 0
9 18 0
10 18 0.00681055587
11 18 0.0196954216
12 18 -0.999782623
13 18 0.130893741
14 18 0.204870185
15 18 -7.26410727e-20
16 18 77.9025372
17 18 198.449519
18 18 49.7888832
19 18 -0.131834196
20 18 -0.204266192
21 18 -0.000141492736
22 18 0.00379121541
23 18 -0.00175418336
24 18 -0.999991143
13 19 -0.99998214
14 19 -0.00460190601
15 19 0.00379128955
16 19 -0.000212459036
17 19 -0.0624450758
18 19 -0.131834196
19 19 1.99999983
20 19 -1.37985599e-08
21 19 -7.41778217e-08
22 19 -1.38912631e-20
23 19 0.00218466235
24 19 0.0841899375
25 19 -0.999980851
26 19 0.00440659357
27 19 0.00431907284
28 19 0
29 19 0
30 19 0
13 20 0.00459529503
14 20 -0.999987805
15 20 -0.00175421357
16 20 0.0618983185
17 20 0.0006427754
18 20 -0.204266192
19 20 -1.37985599e-08
20 20 1.9999998
21 20 3.02394977e-08
22 20 -0.00218466235
23 20 1.56303088e-20
24 20 0.0352375284
25 20 -0.00439657947
26 20 -0.999987509
27 20 0.0023213489
28 20 0
29 20 0
30 20 0
13 21 -0.00379924234
14 21 0.00173673054
15 21 -0.999991255
16 21 0.130785493
17 21 0.204634097
18 21 -0.000141492736
19 21 -7.41778217e-08
20 21 3.02394977e-08
21 21 1.99999996
22 21 -0.0841899375
23 21 -0.0352375284
24 21 1.74625583e-20
25 21 -0.00432915198
26 21 -0.00230235495
27 21 -0.999987954
28 21 0
29 21 0
30 21 0
13 22 0
14 22 0
15 22 0
16 22 -0.999982157
17 22 -0.00460191976
18 22 0.00379121541
19 22 -1.38912631e-20
20 22 -0.00218466235
21 22 -0.0841899375
22 22 995.179371
23 22 -16.8024626
24 22 80.6208984
25 22 0.000374076076
26 22 0.00237847018
27 22 0.084183852
28 22 -0.999980875
29 22 0.00440657628
30 22 0.00431897571
13 23 0
14 23 0
15 23 0
16 23 0.00459528155
17 23 -0.99998785
18 23 -0.00175418336
19 23 0.00218466235
20 23 1.56303088e-20
21 23 -0.0352375284
22 23 -16.8024626
23 23 960.644869
24 23 198.405229
25 23 -0.0020320719
26 23 9.07562171e-05
27 23 0.0352465397
28 23 -0.00439659674
29 23 -0.99998757
30 23 0.00232138783
13 24 0
14 24 0
15 24 0
16 24 -0.00379931623
17 24 0.00173676024
18 24 -0.999991143
19 24 0.0841899375
20 24 0.0352375284
21 24 1.74625583e-20
22 24 80.6208984
23 24 198.405229
24 24 50.1965939
25 24 -0.0843432499
26 24 -0.0348660975
27 24 0.000445421071
28 24 -0.00432924843
29 24 -0.00230231546
30 24 -0.999987801
19 25 -0.999980851
20 25 -0.00439657947
21 25 -0.00432915198
22 25 0.000374076076
23 25 -0.0020320719
24 25 -0.0843432499
25 25 1.99999977
26 25 -1.73827427e-08
27 25 -9.62992744e-08
28 25 -1.63870293e-20
29 25 -0.0316673979
30 25 0.0417410903
31 25 -0.999994323
32 25 0.0031533838
33 25 -0.000828490057
34 25 0
35 25 0
36 25 0
19 26 0.00440659357
20 26 -0.999987509
21 26 -0.00230235495
22 26 0.00237847018
23 26 9.07562171e-05
24 26 -0.0348660975
25 26 -1.73827427e-08
26 26 1.99999974
27 26 3.97070325e-08
28 26 0.0316673979
29 26 4.44045244e-20
30 26 -0.0701874822
31 26 -0.00315632302
32 26 -0.99998798
33 26 0.00363918946
34 26 0
35 26 0
36 26 0
19 27 0.00431907284
20 27 0.0023213489
21 27 -0.999987954
22 27 0.084183852
23 27 0.0352465397
24 27 0.000445421071
25 27 -9.62992744e-08
26 27 3.97070325e-08
27 27 1.99999995
28 27 -0.0417410903
29 27 0.0701874822
30 27 2.68872919e-20
31 27 0.000817309527
32 27 -0.00364191545
33 27 -0.999992956
34 27 0
35 27 0
36 27 0
19 28 0
20 28 0
21 28 0
22 28 -0.999980875
23 28 -0.00439659674
24 28 -0.00432924843
25 28 -1.63870293e-20
26 28 0.0316673979
27 28 -0.0417410903
28 28 995.343659
29 28 -16.429119
30 28 79.65743
31 28 -0.000134067928
32 28 -0.0315149998
33 28 0.0418560399
34 28 -0.999994404
35 28 0.00315332712
36 28 -0.000828794942
19 29 0
20 29 0
21 29 0
22 29 0.00440657628
23 29 -0.99998757
24 29 -0.00230231546
25 29 -0.0316673979
26 29 4.44045244e-20
27 29 0.0701874822
28 29 -16.429119
29 29 961.492029
30 29 196.476007
31 29 0.031724583
32 29 -0.000355476335
33 29 -0.0701607517
34 29 -0.00315637955
35 29 -0.99998817
36 29 0.00363931826
19 30 0
20 30 0
21 30 0
22 30 0.00431897571
23 30 0.00232138783
24 30 -0.999987801
25 30 0.0417410903
26 30 -0.0701874822
27 30 2.68872919e-20
28 30 79.65743
29 30 196.476007
30 30 49.1831584
31 30 -0.0415193189
32 30 0.0703182643
33 30 -0.000290007624
34 30 0.000817004514
35 30 -0.00364178456
36 30 -0.999992471
25 31 -0.999994323
26 31 -0.00315632302
27 31 0.000817309527
28 31 -0.000134067928
29 31 0.031724583
30 31 -0.0415193189
31 31 1.99999928
32 31 -5.73903101e-08
33 31 -3.04873781e-07
34 31 -2.96808612e-21
35 31 0.013070412
36 31 -0.0691359714
37 31 -0.999997997
38 31 0.00184605875
39 31 0.000686091386
40 31 0
41 31 0
42 31 0
25 32 0.0031533838
26 32 -0.99998798
27 32 -0.00364191545
28 32 -0.0315149998
29 32 -0.000355476335
30 32 0.0703182643
31 32 -5.73903101e-08
32 32 1.99999917
33 32 1.31529921e-07
34 32 -0.013070412
35 32 -3.34557888e-21
36 32 0.0183417012
37 32 -0.00184573645
38 32 -0.99999812
39 32 0.000455170487
40 32 0
41 32 0
42 32 0
25 33 -0.000828490057
26 33 0.00363918946
27 33 -0.999992956
28 33 0.0418560399
29 33 -0.0701607517
30 33 -0.000290007624
31 33 -3.04873781e-07
32 33 1.31529921e-07
33 33 1.99999984
34 33 0.0691359714
35 33 -0.0183417012
36 33 7.74332089e-21
37 33 -0.000686876767
38 33 -0.000453926912
39 33 -0.999999647
40 33 0
41 33 0
42 33 0
25 34 0
26 34 0
27 34 0
28 34 -0.999994404
29 34 -0.00315637955
30 34 0.000817004514
31 34 -2.96808612e-21
32 34 -0.013070412
33 34 0.0691359714
34 34 995.078321
35 34 -16.6216694
36 34 81.2593562
37 34 -2.33633567e-05
38 34 0.0130390047
39 34 -0.0691418963
40 34 -0.999998011
41 34 0.00184604852
42 34 0.000686037672
25 35 0
26 35 0
27 35 0
28 35 0.00315332712
29 35 -0.99998817
30 35 -0.00364178456
31 35 0.013070412
32 35 -3.34557888e-21
33 35 -0.0183417012
34 35 -16.6216694
35 35 962.124635
36 35 194.961037
37 35 -0.0130577873
38 35 3.24545402e-05
39 35 0.0183506623
40 35 -0.00184574674
41 35 -0.999998153
42 35 0.000455194035
25 36 0
26 36 0
27 36 0
28 36 -0.000828794942
29 36 0.00363931826
30 36 -0.999992471
31 36 -0.0691359714
32 36 0.0183417012
33 36 7.74332089e-21
34 36 81.2593562
35 36 194.961037
36 36 48.8110631
37 36 0.069101979
38 36 -0.0184692958
39 36 -3.90849934e-05
40 36 -0.000686930393
41 36 -0.000453903249
42 36 -0.999999561
31 37 -0.999997997
32 37 -0.00184573645
33 37 -0.000686876767
34 37 -2.33633567e-05
35 37 -0.0130577873
36 37 0.069101979
37 37 1.99999987
38 37 -1.02798012e-08
39 37 -5.36117222e-08
40 37 9.58589949e-21
41 37 -0.0201871702
42 37 0.00925565476
43 37 -0.999989834
44 37 -0.00168658043
45 37 0.00417539037
46 37 0
47 37 0
48 37 0
31 38 0.00184605875
32 38 -0.99999812
33 38 -0.000453926912
34 38 0.0130390047
35 38 3.24545402e-05
36 38 -0.0184692958
37 38 -1.02798012e-08
38 38 1.99999985
39 38 2.36857219e-08
40 38 0.0201871702
41 38 -3.72428229e-20
42 38 -0.0596967257
43 38 0.00171796235
44 38 -0.999970195
45 38 0.0075230724
46 38 0
47 38 0
48 38 0
31 39 0.000686091386
32 39 0.000455170487
33 39 -0.999999647
34 39 -0.0691418963
35 39 0.0183506623
36 39 -3.90849934e-05
37 39 -5.36117222e-08
38 39 2.36857219e-08
39 39 1.99999997
40 39 -0.00925565476
41 39 0.0596967257
42 39 -4.88178804e-20
43 39 -0.00416255688
44 39 -0.00753017695
45 39 -0.999962979
46 39 0
47 39 0
48 39 0
31 40 0
32 40 0
33 40 0
34 40 -0.999998011
35 40 -0.00184574674
36 40 -0.000686930393
37 40 9.58589949e-21
38 40 0.0201871702
39 40 -0.00925565476
40 40 995.07542
41 40 -16.5888454
42 40 81.2582823
43 40 7.32079877e-05
44 40 -0.0201168718
45 40 0.00940718165
46 40 -0.999989841
47 40 -0.00168658356
48 40 0.00417536944
31 41 0
32 41 0
33 41 0
34 41 0.00184604852
35 41 -0.999998153
36 41 -0.000453903249
37 41 -0.0201871702
38 41 -3.72428229e-20
39 41 0.0596967257
40 41 -16.5888454
41 41 962.276563
42 41 194.6149
43 41 0.0199384739
44 41 -0.000415479622
45 41 -0.059778805
46 41 0.00171795945
47 41 -0.99997021
48 41 0.00752308003
31 42 0
32 42 0
33 42 0
34 42 0.000686037672
35 42 0.000455194035
36 42 -0.999999561
37 42 0.00925565476
38 42 -0.0596967257
39 42 -4.88178804e-20
40 42 81.2582823
41 42 194.6149
42 42 48.6604991
43 42 -0.00935811739
44 42 0.059679336
45 42 -0.000410456818
46 42 -0.00416257772
47 42 -0.0075301692
48 42 -0.999962943
37 43 -0.999989834
38 43 0.00171796235
39 43 -0.00416255688
40 43 7.32079877e-05
41 43 0.0199384739
42 43 -0.00935811739
43 43 1.99999995
44 43 -3.07118342e-09
45 43 -2.07836828e-08
46 43 -2.17199417e-20
47 43 -0.0407975467
48 43 -0.034067908
49 43 -0.999979686
50 43 -0.00626468326
51 43 0.00104182142
52 43 0
53 43 0
54 43 0
37 44 -0.00168658043
38 44 -0.999970195
39 44 -0.00753017695
40 44 -0.0201168718
41 44 -0.000415479622
42 44 0.059679336
43 44 -3.07118342e-09
44 44 1.99999994
45 44 7.86885094e-09
46 44 0.0407975467
47 44 -1.890556e-19
48 44 -0.128558439
49 44 0.00627138514
50 44 -0.999958801
51 44 0.00653668164
52 44 0
53 44 0
54 44 0
37 45 0.00417539037
38 45 0.0075230724
39 45 -0.999962979
40 45 0.00940718165
41 45 -0.059778805
42 45 -0.000410456818
43 45 -2.07836828e-08
44 45 7.86885094e-09
45 45 1.99999999
46 45 0.034067908
47 45 0.128558439
48 45 -7.41091414e-20
49 45 -0.00100070706
50 45 -0.00654313694
51 45 -0.999978062
52 45 0
53 45 0
54 45 0
37 46 0
38 46 0
39 46 0
40 46 -0.999989841
41 46 0.00171795945
42 46 -0.00416257772
43 46 -2.17199417e-20
44 46 0.0407975467
45 46 0.034067908
46 46 995.153768
47 46 -16.106721
48 46 80.8856906
49 46 0.000221765132
50 46 -0.0410187769
51 46 -0.0338004801
52 46 -0.999979721
53 46 -0.0062647068
54 46 0.00104170045
37 47 0
38 47 0
39 47 0
40 47 -0.00168658356
41 47 -0.99997021
42 47 -0.0075301692
43 47 -0.0407975467
44 47 -1.890556e-19
45 47 0.128558439
46 47 -16.106721
47 47 964.124827
48 47 190.26058
49 47 0.0406680686
50 47 -0.000585591763
51 47 -0.128598122
52 47 0.00627136315
53 47 -0.999958878
54 47 0.00653673547
37 48 0
38 48 0
39 48 0
40 48 0.00417536944
41 48 0.00752308003
42 48 -0.999962943
43 48 -0.034067908
44 48 -0.128558439
45 48 -7.41091414e-20
46 48 80.8856906
47 48 190.26058
48 48 46.7636677
49 48 0.0332609765
50 48 0.128766567
51 48 -0.000875838264
52 48 -0.00100082834
53 48 -0.00654308309
54 48 -0.999977863
43 49 -0.999979686
44 49 0.00627138514
45 49 -0.00100070706
46 49 0.000221765132
47 49 0.0406680686
48 49 0.0332609765
49 49 1.9999997
50 49 -2.30074476e-08
51 49 -1.21098059e-07
52 49 8.11009579e-21
53 49 0.0159934827
54 49 0.0688297843
55 49 -0.999920725
56 49 -0.00753789316
57 49 -0.0101160076
58 49 0
59 49 0
60 49 0
43 50 -0.00626468326
44 50 -0.999958801
45 50 -0.00654313694
46 50 -0.0410187769
47 50 -0.000585591763
48 50 0.128766567
49 50 -2.30074476e-08
50 50 1.99999966
51 50 5.43761e-08
52 50 -0.0159934827
53 50 1.31837111e-20
54 50 0.0622825179
55 50 0.0075651096
56 50 -0.999968191
57 50 -0.00265976427
58 50 0
59 50 0
60 50 0
43 51 0.00104182142
44 51 0.00653668164
45 51 -0.999978062
46 51 -0.0338004801
47 51 -0.128598122
48 51 -0.000875838264
49 51 -1.21098059e-07
50 51 5.43761e-08
51 51 1.99999994
52 51 -0.0688297843
53 51 -0.0622825179
54 51 -3.99500354e-20
55 51 0.010095385
56 51 0.00273619751
57 51 -0.99994536
58 51 0
59 51 0
60 51 0
43 52 0
44 52 0
45 52 0
46 52 -0.999979721
47 52 0.00627136315
48 52 -0.00100082834
49 52 8.11009579e-21
50 52 -0.0159934827
51 52 -0.0688297843
52 52 995.105997
53 52 -15.8776467
54 52 81.2403312
55 52 -0.000815855624
56 52 0.0158046421
57 52 0.0688685623
58 52 -0.999920652
59 52 -0.00753784355
60 52 -0.0101157617
43 53 0
44 53 0
45 53 0
46 53 -0.0062647068
47 53 -0.999958878
48 53 -0.00654308309
49 53 0.0159934827
50 53 1.31837111e-20
51 53 -0.0622825179
52 53 -15.8776467
53 53 965.449269
54 53 186.996479
55 53 -0.0166209809
56 53 -0.000290974435
57 53 0.0621173246
58 53 0.00756515933
59 53 -0.999968036
60 53 -0.0026598822
43 54 0
44 54 0
45 54 0
46 54 0.00104170045
47 54 0.00653673547
48 54 -0.999977863
49 54 0.0688297843
50 54 0.0622825179
51 54 -3.99500354e-20
52 54 81.2403312
53 54 186.996479
54 54 45.4664988
55 54 -0.0683531537
56 54 -0.0627993683
57 54 -0.000861939439
58 54 0.010095635
59 54 0.00273608164
60 54 -0.999945766
49 55 -0.999920725
50 55 0.0075651096
51 55 0.010095385
52 55 -0.000815855624
53 55 -0.0166209809
54 55 -0.0683531537
55 55 2.0000006
56 55 4.96005094e-08
57 55 2.50861311e-07
58 55 4.33039618e-20
59 55 0.0300025721
60 55 -0.0773057185
61 55 -0.999928503
62 55 -0.00629615542
63 55 -0.0102227041
64 55 0
65 55 0
66 55 0
49 56 -0.00753789316
50 56 -0.999968191
51 56 0.00273619751
52 56 0.0158046421
53 56 -0.000290974435
54 56 -0.0627993683
55 56 4.96005094e-08
56 56 2.00000069
57 56 -1.14955394e-07
58 56 -0.0300025721
59 56 1.35609194e-21
60 56 0.055616833
61 56 0.0063109244
62 56 -0.999979732
63 56 -0.00142265042
64 56 0
65 56 0
66 56 0
49 57 -0.0101160076
50 57 -0.00265976427
51 57 -0.99994536
52 57 0.0688685623
53 57 0.0621173246
54 57 -0.000861939439
55 57 2.50861311e-07
56 57 -1.14955394e-07
57 57 2.00000013
58 57 0.0773057185
59 57 -0.055616833
60 57 -1.00629291e-19
61 57 0.0102130492
62 57 0.00148728632
63 57 -0.999946866
64 57 0
65 57 0
66 57 0
49 58 0
50 58 0
51 58 0
52 58 -0.999920652
53 58 0.00756515933
54 58 0.010095635
55 58 4.33039618e-20
56 58 -0.0300025721
57 58 0.0773057185
58 58 994.530796
59 58 -16.8467286
60 58 84.484504
61 58 0.000600183139
62 58 0.0301169397
63 58 -0.0772589278
64 58 -0.999928374
65 58 -0.00629605733
66 58 -0.0102222248
49 59 0
50 59 0
51 59 0
52 59 -0.00753784355
53 59 -0.999968036
54 59 0.00273608164
55 59 0.0300025721
56 59 1.35609194e-21
57 59 -0.055616833
58 59 -16.8467286
59 59 964.06963
60 59 190.294786
61 59 -0.0305684444
62 59 -0.000271619012
63 59 0.0553071705
64 59 0.00631102281
65 59 -0.999979437
66 59 -0.00142287656
49 60 0
50 60 0
51 60 0
52 60 -0.0101157617
53 60 -0.0026598822
54 60 -0.999945766
55 60 -0.0773057185
56 60 0.055616833
57 60 -1.00629291e-19
58 60 84.484504
59 60 190.294786
60 60 47.4243681
61 60 0.0776511851
62 60 -0.055128977
63 60 0.000711150176
64 60 0.0102135362
65 60 0.00148706291
66 60 -0.99994763
55 61 -0.999928503
56 61 0.0063109244
57 61 0.0102130492
58 61 0.000600183139
59 61 -0.0305684444
60 61 0.0776511851
61 61 2.00000115
62 61 9.85041098e-08
63 61 4.88487878e-07
64 61 -2.44505902e-19
65 61 -0.0947369638
66 61 0.123166809
67 61 -0.999875353
68 61 -0.0107879864
69 61 -0.0115605712
70 61 0
71 61 0
72 61 0
55 62 -0.00629615542
56 62 -0.999979732
57 62 0.00148728632
58 62 0.0301169397
59 62 -0.000271619012
60 62 -0.055128977
61 62 9.85041098e-08
62 62 2.00000132
63 62 -2.21978121e-07
64 62 0.0947369638
65 62 2.75791379e-19
66 62 -0.193929383
67 62 0.0107649465
68 62 -0.999940388
69 62 0.00204758311
70 62 0
71 62 0
72 62 0
55 63 -0.0102227041
56 63 -0.00142265042
57 63 -0.999946866
58 63 -0.0772589278
59 63 0.0553071705
60 63 0.000711150176
61 63 4.88487878e-07
62 63 -2.21978121e-07
63 63 2.00000026
64 63 -0.123166809
65 63 0.193929383
66 63 -4.15746309e-21
67 63 0.0115816452
68 63 -0.00192272837
69 63 -0.999931168
70 63 0
71 63 0
72 63 0
55 64 0
56 64 0
57 64 0
58 64 -0.999928374
59 64 0.00631102281
60 64 0.0102135362
61 64 -2.44505902e-19
62 64 0.0947369638
63 64 -0.123166809
64 64 993.862958
65 64 -17.8893043
66 64 88.1676957
67 64 -0.000406635932
68 64 -0.0944945
69 64 0.123352313
70 64 -0.999875275
71 64 -0.0107879175
72 64 -0.0115602542
55 65 0
56 65 0
57 65 0
58 65 -0.00629605733
59 65 -0.999979437
60 65 0.00148706291
61 65 -0.0947369638
62 65 2.75791379e-19
63 65 0.193929383
64 65 -17.8893043
65 65 962.946382
66 65 192.999971
67 65 0.0969711765
68 65 0.000649147553
69 65 -0.192820821
70 65 0.0107650136
71 65 -0.999940198
72 65 0.00204743088
55 66 0
56 66 0
57 66 0
58 66 -0.0102222248
59 66 -0.00142287656
60 66 -0.99994763
61 66 0.123166809
62 66 -0.193929383
63 66 -4.15746309e-21
64 66 88.1676957
65 66 192.999971
66 66 49.3189909
67 66 -0.125239096
68 66 0.1925891
69 66 -0.00182096519
70 66 0.0115819688
71 66 -0.00192287853
72 66 -0.999931658
61 67 -0.999875353
62 67 0.0107649465
63 67 0.0115816452
64 67 -0.000406635932
65 67 0.0969711765
66 67 -0.125239096
67 67 2.00000074
68 67 6.8553971e-08
69 67 3.24292272e-07
70 67 1.22393009e-20
71 67 0.0568690185
72 67 -0.255184384
73 67 -0.99998126
74 67 -0.00610203886
75 67 -0.000182551768
76 67 0
77 67 0
78 67 0
61 68 -0.0107879864
62 68 -0.999940388
63 68 -0.00192272837
64 68 -0.0944945
65 68 0.000649147553
66 68 0.1925891
67 68 6.8553971e-08
68 68 2.00000086
69 68 -1.49744764e-07
70 68 -0.0568690185
71 68 -4.21052186e-20
72 68 0.0808617462
73 68 0.00610235751
74 68 -0.999979856
75 68 -0.00167519351
76 68 0
77 68 0
78 68 0
61 69 -0.0115605712
62 69 0.00204758311
63 69 -0.999931168
64 69 0.123352313
65 69 -0.192820821
66 69 -0.00182096519
67 69 3.24292272e-07
68 69 -1.49744764e-07
69 69 2.00000018
70 69 0.255184384
71 69 -0.0808617462
72 69 2.44046333e-20
73 69 0.000172418878
74 69 0.00167623071
75 69 -0.999998554
76 69 0
77 69 0
78 69 0
61 70 0
62 70 0
63 70 0
64 70 -0.999875275
65 70 0.0107650136
66 70 0.0115819688
67 70 1.22393009e-20
68 70 -0.0568690185
69 70 0.255184384
70 70 993.025731
71 70 -18.9744528
72 70 92.7462116
73 70 -0.000303036477
74 70 0.0572956208
75 70 -0.255088749
76 70 -0.999981281
77 70 -0.00610206023
78 70 -0.000182644375
61 71 0
62 71 0
63 71 0
64 71 -0.0107879175
65 71 -0.999940198
66 71 -0.00192287853
67 71 0.0568690185
68 71 -4.21052186e-20
69 71 -0.0808617462
70 71 -18.9744528
71 71 962.287801
72 71 194.371466
73 71 -0.0568818949
74 71 -0.000482559903
75 71 0.0808512476
76 71 0.00610233642
77 71 -0.999979909
78 71 -0.00167514729
61 72 0
62 72 0
63 72 0
64 72 -0.0115602542
65 72 0.00204743088
66 72 -0.999931658
67 72 -0.255184384
68 72 0.0808617462
69 72 2.44046333e-20
70 72 92.7462116
71 72 194.371466
72 72 50.8405304
73 72 0.255673049
74 72 -0.0793029722
75 72 -8.88747119e-05
76 72 0.000172326006
77 72 0.00167627622
78 72 -0.999998417
67 73 -0.99998126
68 73 0.00610235751
69 73 0.000172418878
70 73 -0.000303036477
71 73 -0.0568818949
72 73 0.255673049
73 73 1.99999979
74 73 -2.10589243e-08
75 73 -9.29107154e-08
76 73 1.0465444e-19
77 73 0.00394709236
78 73 0.102857448
79 73 -0.999953937
80 73 -0.00433704593
81 73 -0.00854198037
82 73 0
83 73 0
84 73 0
67 74 -0.00610203886
68 74 -0.999979856
69 74 0.00167623071
70 74 0.0572956208
71 74 -0.000482559903
72 74 -0.0793029722
73 74 -2.10589243e-08
74 74 1.99999976
75 74 4.54228167e-08
76 74 -0.00394709236
77 74 4.28867165e-20
78 74 0.0519223443
79 74 0.00437739345
80 74 -0.999979142
81 74 -0.00470646151
82 74 0
83 74 0
84 74 0
67 75 -0.000182551768
68 75 -0.00167519351
69 75 -0.999998554
70 75 -0.255088749
71 75 0.0808512476
72 75 -8.88747119e-05
73 75 -9.29107154e-08
74 75 4.54228167e-08
75 75 1.99999995
76 75 -0.102857448
77 75 -0.0519223443
78 75 -2.16355962e-19
79 75 0.00852154613
80 75 0.00474356493
81 75 -0.999952397
82 75 0
83 75 0
84 75 0
67 76 0
68 76 0
69 76 0
70 76 -0.999981281
71 76 0.00610233642
72 76 0.000172326006
73 76 1.0465444e-19
74 76 -0.00394709236
75 76 -0.102857448
76 76 993.160634
77 76 -18.82828
78 76 91.7473853
79 76 -0.000893782466
80 76 0.00345909905
81 76 0.102871129
82 76 -0.99995397
83 76 -0.0043370792
84 76 -0.00854213374
67 77 0
68 77 0
69 77 0
70 77 -0.00610206023
71 77 -0.999979909
72 77 0.00167627622
73 77 0.00394709236
74 77 4.28867165e-20
75 77 -0.0519223443
76 77 -18.82828
77 77 961.926512
78 77 195.233541
79 77 -0.00438936919
80 77 -0.000263415732
81 77 0.0518861567
82 77 0.00437735937
83 77 -0.999979231
84 77 -0.00470638858
67 78 0
68 78 0
69 78 0
70 78 -0.000182644375
71 78 -0.00167514729
72 78 -0.999998417
73 78 0.102857448
74 78 0.0519223443
75 78 -2.16355962e-19
76 78 91.7473853
77 78 195.233541
78 78 50.9428405
79 78 -0.102625426
80 78 -0.0523673588
81 78 -0.00112297682
82 78 0.00852139095
83 78 0.00474363682
84 78 -0.99995217
73 79 -0.999953937
74 79 0.00437739345
75 79 0.00852154613
76 79 -0.000893782466
77 79 -0.00438936919
78 79 -0.102625426
79 79 1.99999965
80 79 -3.34856053e-08
81 79 -1.55614882e-07
82 79 1.15831724e-20
83 79 0.00364175016
84 79 0.0250918612
85 79 -0.99996918
86 79 0.00581776818
87 79 -0.00533316988
88 79 0
89 79 0
90 79 0
73 80 -0.00433704593
74 80 -0.999979142
75 80 0.00474356493
76 80 0.00345909905
77 80 -0.000263415732
78 80 -0.0523673588
79 80 -3.34856053e-08
80 80 1.9999996
81 80 7.11821933e-08
82 80 -0.00364175016
83 80 -2.17393708e-21
84 80 0.0338573969
85 80 -0.00582026061
86 80 -0.999983341
87 80 0.000439278215
88 80 0
89 80 0
90 80 0
73 81 -0.00854198037
74 81 -0.00470646151
75 81 -0.999952397
76 81 0.102871129
77 81 0.0518861567
78 81 -0.00112297682
79 81 -1.55614882e-07
80 81 7.11821933e-08
81 81 1.99999991
82 81 -0.0250918612
83 81 -0.0338573969
84 81 -1.56920095e-20
85 81 0.00533023496
86 81 -0.000470159288
87 81 -0.999985768
88 81 0
89 81 0
90 81 0
73 82 0
74 82 0
75 82 0
76 82 -0.99995397
77 82 0.00437735937
78 82 0.00852139095
79 82 1.15831724e-20
80 82 -0.00364175016
81 82 -0.0250918612
82 82 992.663901
83 82 -19.7455406
84 82 94.1309223
85 82 -0.000112549581
86 82 0.00365348666
87 82 0.0250899044
88 82 -0.99996912
89 82 0.00581783517
90 82 -0.00533288157
73 83 0
74 83 0
75 83 0
76 83 -0.0043370792
77 83 -0.999979231
78 83 0.00474363682
79 83 0.00364175016
80 83 -2.17393708e-21
81 83 -0.0338573969
82 83 -19.7455406
83 83 960.244971
84 83 199.056868
85 83 -0.0038221058
86 83 3.71052278e-05
87 83 0.033837493
88 83 -0.00582019168
89 83 -0.999983179
90 83 0.00043913464
73 84 0
74 84 0
75 84 0
76 84 -0.00854213374
77 84 -0.00470638858
78 84 -0.99995217
79 84 0.0250918612
80 84 0.0338573969
81 84 -1.56920095e-20
82 84 94.1309223
83 84 199.056868
84 84 53.098779
85 84 -0.0252881468
86 84 -0.0337108543
87 84 -0.000118946342
88 84 0.00533052437
89 84 -0.000470305024
90 84 -0.999986186
79 85 -0.99996918
80 85 -0.00582026061
81 85 0.00533023496
82 85 -0.000112549581
83 85 -0.0038221058
84 85 -0.0252881468
85 85 2.00000065
86 85 6.87138322e-08
87 85 2.89697926e-07
88 85 -5.93905263e-20
89 85 0.0745976482
90 85 -0.133107868
91 85 -0.999969924
92 85 0.00768381484
93 85 -0.00117225386
94 85 0
95 85 0
96 85 0
79 86 0.00581776818
80 86 -0.999983341
81 86 -0.000470159288
82 86 0.00365348666
83 86 3.71052278e-05
84 86 -0.0337108543
85 86 6.87138322e-08
86 86 2.00000075
87 86 -1.45446876e-07
88 86 -0.0745976482
89 86 -1.35417477e-19
90 86 0.14350971
91 86 -0.00767468545
92 86 -0.999941625
93 86 -0.00762561214
94 86 0
95 86 0
96 86 0
79 87 -0.00533316988
80 87 0.000439278215
81 87 -0.999985768
82 87 0.0250899044
83 87 0.033837493
84 87 -0.000118946342
85 87 2.89697926e-07
86 87 -1.45446876e-07
87 87 2.00000017
88 87 0.133107868
89 87 -0.14350971
90 87 -8.95605204e-20
91 87 0.00123066269
92 87 0.00761644415
93 87 -0.999970271
94 87 0
95 87 0
96 87 0
79 88 0
80 88 0
81 88 0
82 88 -0.99996912
83 88 -0.00582019168
84 88 0.00533052437
85 88 -5.93905263e-20
86 88 -0.0745976482
87 88 0.133107868
88 88 992.020131
89 88 -20.5463607
90 88 97.370657
91 88 0.000736324371
92 88 0.0756071022
93 88 -0.132535058
94 88 -0.999969899
95 88 0.00768384123
96 88 -0.00117213694
79 89 0
80 89 0
81 89 0
82 89 0.00581783517
83 89 -0.999983179
84 89 -0.000470305024
85 89 0.0745976482
86 89 -1.35417477e-19
87 89 -0.14350971
88 89 -20.5463607
89 89 959.910533
90 89 199.794633
91 89 -0.0747720166
92 89 -0.000519839173
93 89 0.143417996
94 89 -0.00767465739
95 89 -0.999941559
96 89 -0.00762567065
79 90 0
80 90 0
81 90 0
82 90 -0.00533288157
83 90 0.00043913464
84 90 -0.999986186
85 90 -0.133107868
86 90 0.14350971
87 90 -8.95605204e-20
88 90 97.370657
89 90 199.794633
90 90 54.1620089
91 90 0.132002473
92 90 -0.144524109
93 90 -0.000938313173
94 90 0.00123077913
95 90 0.00761638551
96 90 -0.999970443
85 91 -0.999969924
86 91 -0.00767468545
87 91 0.00123066269
88 91 0.000736324371
89 91 -0.0747720166
90 91 0.132002473
91 91 2.00000026
92 91 2.69750223e-08
93 91 1.16680867e-07
94 91 3.2108472e-19
95 91 -0.0348874138
96 91 -0.0157885991
97 91 -0.999123138
98 91 0.0303640669
99 91 0.0288238615
100 91 0
101 91 0
102 91 0
85 92 0.00768381484
86 92 -0.999941625
87 92 0.00761644415
88 92 0.0756071022
89 92 -0.000519839173
90 92 -0.144524109
91 92 2.69750223e-08
92 92 2.00000031
93 92 -5.81015101e-08
94 92 0.0348874138
95 92 3.43344254e-20
96 92 -0.0995705569
97 92 -0.0305561107
98 92 -0.999513443
99 92 -0.00624635286
100 92 0
101 92 0
102 92 0
85 93 -0.00117225386
86 93 -0.00762561214
87 93 -0.999970271
88 93 -0.132535058
89 93 0.143417996
90 93 -0.000938313173
91 93 1.16680867e-07
92 93 -5.81015101e-08
93 93 2.00000007
94 93 0.0157885991
95 93 0.0995705569
96 93 1.16797412e-20
97 93 -0.0286201076
98 93 0.00712157715
99 93 -0.99956497
100 93 0
101 93 0
102 93 0
85 94 0
86 94 0
87 94 0
88 94 -0.999969899
89 94 -0.00767465739
90 94 0.00123077913
91 94 3.2108472e-19
92 94 0.0348874138
93 94 0.0157885991
94 94 992.026402
95 94 -20.8918043
96 94 97.1549089
97 94 -0.00151789508
98 94 -0.0347579993
99 94 -0.0159996497
100 94 -0.999123157
101 94 0.030364048
102 94 0.0288237914
85 95 0
86 95 0
87 95 0
88 95 0.00768384123
89 95 -0.999941559
90 95 0.00761638551
91 95 -0.0348874138
92 95 3.43344254e-20
93 95 0.0995705569
94 95 -20.8918043
95 95 958.252494
96 95 203.489856
97 95 0.0320071023
98 95 -0.000350224362
99 95 -0.100532831
100 95 -0.0305561305
101 95 -0.99951348
102 95 -0.00624630996
85 96 0
86 96 0
87 96 0
88 96 -0.00117213694
89 96 -0.00762567065
90 96 -0.999970443
91 96 -0.0157885991
92 96 -0.0995705569
93 96 1.16797412e-20
94 96 97.1549089
95 96 203.489856
96 96 55.7473481
97 96 0.0188172436
98 96 0.099042704
99 96 0.00016686444
100 96 -0.0286201737
101 96 0.00712162112
102 96 -0.999564864
91 97 -0.999123138
92 97 -0.0305561107
93 97 -0.0286201076
94 97 -0.00151789508
95 97 0.0320071023
96 97 0.0188172436
97 97 1.99999983
98 97 -1.87179041e-08
99 97 -6.56389302e-08
100 97 2.52821405e-19
101 97 0.0676204891
102 97 0.126608957
103 97 -0.995176514
104 97 0.0980929201
105 97 0.000872711678
106 97 0
107 97 0
108 97 0
91 98 0.0303640669
92 98 -0.999513443
93 98 0.00712157715
94 98 -0.0347579993
95 98 -0.000350224362
96 98 0.099042704
97 98 -1.87179041e-08
98 98 1.99999982
99 98 4.42574886e-08
100 98 -0.0676204891
101 98 -1.90411288e-19
102 98 0.241963789
103 98 -0.098096593
104 98 -0.995119498
105 98 -0.010649508
106 98 0
107 98 0
108 98 0
91 99 0.0288238615
92 99 -0.00624635286
93 99 -0.99956497
94 99 -0.0159996497
95 99 -0.100532831
96 99 0.00016686444
97 99 -6.56389302e-08
98 99 4.42574886e-08
99 99 1.99999996
100 99 -0.126608957
101 99 -0.241963789
102 99 -3.05981236e-19
103 99 0.000176472774
104 99 0.0106836192
105 99 -0.999942843
106 99 0
107 99 0
108 99 0
91 100 0
92 100 0
93 100 0
94 100 -0.999123157
95 100 -0.0305561305
96 100 -0.0286201737
97 100 2.52821405e-19
98 100 -0.0676204891
99 100 -0.126608957
100 100 994.224288
101 100 -18.1714505
102 100 86.0378037
103 100 0.00661099656
104 100 0.0659378252
105 100 0.127321846
106 100 -0.995176606
107 100 0.0980928862
108 100 0.000872415334
91 101 0
92 101 0
93 101 0
94 101 0.030364048
95 101 -0.99951348
96 101 0.00712162112
97 101 0.0676204891
98 101 -1.90411288e-19
99 101 -0.241963789
100 101 -18.1714505
101 101 959.574036
102 101 200.890234
103 101 -0.0673370226
104 101 0.00404804224
105 101 0.242008972
106 101 -0.0980966579
107 101 -0.995119689
108 101 -0.0106493999
91 102 0
92 102 0
93 102 0
94 102 0.0288237914
95 102 -0.00624630996
96 102 -0.999564864
97 102 0.126608957
98 102 0.241963789
99 102 -3.05981236e-19
100 102 86.0378037
101 102 200.890234
102 102 52.3642348
103 102 -0.149734084
104 102 -0.228363442
105 102 -0.0024663022
106 102 0.00017618897
107 102 0.0106837526
108 102 -0.999942346
97 103 -0.995176514
98 103 -0.098096593
99 103 0.000176472774
100 103 0.00661099656
101 103 -0.0673370226
102 103 -0.149734084
103 103 1.99999927
104 103 -5.24659673e-08
105 103 -2.84397565e-07
106 103 -5.17284426e-18
107 103 -0.133621324
108 103 -0.313621909
109 103 -0.98937062
110 103 0.135187173
111 103 -0.0535691422
112 103 0
113 103 0
114 103 0
97 104 0.0980929201
98 104 -0.995119498
99 104 0.0106836192
100 104 0.0659378252
101 104 0.00404804224
102 104 -0.228363442
103 104 -5.24659673e-08
104 104 1.99999918
105 104 1.31327162e-07
106 104 0.133621324
107 104 2.08404167e-18
108 104 -0.226808758
109 104 -0.135745145
110 104 -0.990719425
111 104 0.00690224103
112 104 0
113 104 0
114 104 0
97 105 0.000872711678
98 105 -0.010649508
99 105 -0.999942843
100 105 0.127321846
101 105 0.242008972
102 105 -0.0024663022
103 105 -2.84397565e-07
104 105 1.31327162e-07
105 105 1.99999986
106 105 0.313621909
107 105 0.226808758
108 105 -2.83016239e-18
109 105 0.0521391457
110 105 -0.0141007701
111 105 -0.99854021
112 105 0
113 105 0
114 105 0
97 106 0
98 106 0
99 106 0
100 106 -0.995176606
101 106 -0.0980966579
102 106 0.00017618897
103 106 -5.17284426e-18
104 106 0.133621324
105 106 0.313621909
106 106 992.516967
107 106 -20.6740559
108 106 95.243503
109 106 -0.00178646758
110 106 -0.136803552
111 106 -0.3122418
112 106 -0.989370672
113 106 0.13518713
114 106 -0.0535693843
97 107 0
98 107 0
99 107 0
100 107 0.0980928862
101 107 -0.995119689
102 107 0.0106837526
103 107 -0.133621324
104 107 2.08404167e-18
105 107 0.226808758
106 107 -20.6740559
107 107 957.237968
108 107 205.933471
109 107 0.144026627
110 107 -0.0212620672
111 107 -0.219319685
112 107 -0.135745216
113 107 -0.990719559
114 107 0.00690234511
97 108 0
98 108 0
99 108 0
100 108 0.000872415334
101 108 -0.0106493999
102 108 -0.999942346
103 108 -0.313621909
104 108 -0.226808758
105 108 -2.83016239e-18
106 108 95.243503
107 108 205.933471
108 108 56.5830859
109 108 0.34107649
110 108 0.182306183
111 108 0.0152349679
112 108 0.0521389039
113 108 -0.0141006278
114 108 -0.998539858
103 109 -0.98937062
104 109 -0.135745145
105 109 0.0521391457
106 109 -0.00178646758
107 109 0.144026627
108 109 0.34107649
109 109 1.99999946
110 109 -6.75770464e-08
111 109 -2.43727588e-07
112 109 -1.08348746e-18
113 109 0.0018959917
114 109 -0.117839764
115 109 -0.981338284
116 109 0.19057752
117 109 -0.0255809595
118 109 0
119 109 0
120 109 0
103 110 0.135187173
104 110 -0.990719425
105 110 -0.0141007701
106 110 -0.136803552
107 110 -0.0212620672
108 110 0.182306183
109 110 -6.75770464e-08
110 110 1.99999938
111 110 1.40799196e-07
112 110 -0.0018959917
113 110 -2.15710631e-19
114 110 0.0870848088
115 110 -0.186597036
116 110 -0.975959333
117 110 -0.112622532
118 110 0
119 110 0
120 110 0
103 111 -0.0535691422
104 111 0.00690224103
105 111 -0.99854021
106 111 -0.3122418
107 111 -0.219319685
108 111 0.0152349679
109 111 -2.43727588e-07
110 111 1.40799196e-07
111 111 1.99999985
112 111 0.117839764
113 111 -0.0870848088
114 111 3.19647255e-19
115 111 0.0464296757
116 111 0.105747256
117 111 -0.993308401
118 111 0
119 111 0
120 111 0
103 112 0
104 112 0
105 112 0
106 112 -0.989370672
107 112 -0.135745216
108 112 0.0521389039
109 112 -1.08348746e-18
110 112 -0.0018959917
111 112 0.117839764
112 112 980.840069
113 112 -32.1474903
114 112 140.334574
115 112 0.00582504844
116 112 0.0143116425
117 112 -0.116837696
118 112 -0.981338412
119 112 0.190577486
120 112 -0.0255813581
103 113 0
104 113 0
105 113 0
106 113 0.13518713
107 113 -0.990719559
108 113 -0.0141006278
109 113 0.0018959917
110 113 -2.15710631e-19
111 113 -0.0870848088
112 113 -32.1474903
113 113 953.23449
114 113 212.984746
115 113 -0.00590392867
116 113 -0.00884764619
117 113 0.0864535708
118 113 -0.186597189
119 113 -0.975959559
120 113 -0.112622316
103 114 0
104 114 0
105 114 0
106 114 -0.0535693843
107 114 0.00690234511
108 114 -0.998539858
109 114 -0.117839764
110 114 0.0870848088
111 114 3.19647255e-19
112 114 140.334574
113 114 212.984746
114 114 71.972879
115 114 0.0993909043
116 114 -0.107448842
117 114 -0.00679325744
118 114 0.0464293124
119 114 0.105747502
120 114 -0.993307744
109 115 -0.981338284
110 115 -0.186597036
111 115 0.0464296757
112 115 0.00582504844
113 115 -0.00590392867
114 115 0.0993909043
115 115 1.999999
116 115 -8.65477886e-08
117 115 -3.81400637e-07
118 115 -1.42839864e-17
119 115 0.333251732
120 115 -0.164558271
121 115 -0.953587761
122 115 0.300977382
123 115 0.00904706327
124 115 0
125 115 0
126 115 0
109 116 0.19057752
110 116 -0.975959333
111 116 0.105747256
112 116 0.0143116425
113 116 -0.00884764619
114 116 -0.107448842
115 116 -8.65477886e-08
116 116 1.99999889
117 116 2.1745033e-07
118 116 -0.333251732
119 116 -1.64686031e-17
120 116 0.73294046
121 116 -0.298073067
122 116 -0.939275098
123 116 -0.170039667
124 116 0
125 116 0
126 116 0
109 117 -0.0255809595
110 117 -0.112622532
111 117 -0.993308401
112 117 -0.116837696
113 117 0.0864535708
114 117 -0.00679325744
115 117 -3.81400637e-07
116 117 2.1745033e-07
117 117 1.9999998
118 117 0.164558271
119 117 -0.73294046
120 117 -1.25397193e-18
121 117 0.0426807804
122 117 0.16484426
123 117 -0.985395612
124 117 0
125 117 0
126 117 0
109 118 0
110 118 0
111 118 0
112 118 -0.981338412
113 118 -0.186597189
114 118 0.0464293124
115 118 -1.42839864e-17
116 118 -0.333251732
117 118 0.164558271
118 118 976.727696
119 118 -45.9619574
120 118 150.299462
121 118 0.106356841
122 118 0.340141539
123 118 -0.105488985
124 118 -0.953587934
125 118 0.300977416
126 118 0.00904664288
109 119 0
110 119 0
111 119 0
112 119 0.190577486
113 119 -0.975959559
114 119 0.105747502
115 119 0.333251732
116 119 -1.64686031e-17
117 119 -0.73294046
118 119 -45.9619574
119 119 919.948655
120 119 271.530637
121 119 -0.349067243
122 119 -0.0205197941
123 119 0.725251263
124 119 -0.298073245
125 119 -0.939275366
126 119 -0.170039474
109 120 0
110 120 0
111 120 0
112 120 -0.0255813581
113 120 -0.112622316
114 120 -0.993307744
115 120 -0.164558271
116 120 0.73294046
117 120 -1.25397193e-18
118 120 150.299462
119 120 271.530637
120 120 110.676358
121 120 -0.0615490571
122 120 -0.737961041
123 120 -0.126117721
124 120 0.0426804266
125 120 0.164844485
126 120 -0.98539481
115 121 -0.953587761
116 121 -0.298073067
117 121 0.0426807804
118 121 0.106356841
119 121 -0.349067243
120 121 -0.0615490571
121 121 1.99999882
122 121 -5.74822619e-08
123 121 -3.77418265e-07
124 121 -8.8593486e-18
125 121 0.196462175
126 121 0.0543356886
127 121 -0.972826414
128 121 0.205644396
129 121 -0.106386844
130 121 0
131 121 0
132 121 0
115 122 0.300977382
116 122 -0.939275098
117 122 0.16484426
118 122 0.340141539
119 122 -0.0205197941
120 122 -0.737961041
121 122 -5.74822619e-08
122 122 1.99999872
123 122 1.76122738e-07
124 122 -0.196462175
125 122 1.00805024e-17
126 122 0.492668957
127 122 -0.192809295
128 122 -0.973931533
129 122 -0.119502662
130 122 0
131 122 0
132 122 0
115 123 0.00904706327
116 123 -0.170039667
117 123 -0.985395612
118 123 -0.105488985
119 123 0.725251263
120 123 -0.126117721
121 123 -3.77418265e-07
122 123 1.76122738e-07
123 123 1.99999985
124 123 -0.0543356886
125 123 -0.492668957
126 123 4.87704268e-18
127 123 0.128188957
128 123 0.0957427872
129 123 -0.987117392
130 123 0
131 123 0
132 123 0
115 124 0
116 124 0
117 124 0
118 124 -0.953587934
119 124 -0.298073245
120 124 0.0426804266
121 124 -8.8593486e-18
122 124 -0.196462175
123 124 -0.0543356886
124 124 974.516856
125 124 -65.5328916
126 124 149.803412
127 124 0.0309144983
128 124 0.186138457
129 124 0.0771134561
130 124 -0.972826542
131 124 0.205644387
132 124 -0.106387197
115 125 0
116 125 0
117 125 0
118 125 0.300977416
119 125 -0.939275366
120 125 0.164844485
121 125 0.196462175
122 125 1.00805024e-17
123 125 -0.492668957
124 125 -65.5328916
125 125 846.135907
126 125 357.035398
127 125 -0.254278313
128 125 -0.00676815377
129 125 0.465421105
130 125 -0.19280944
131 125 -0.973931761
132 125 -0.119502486
115 126 0
116 126 0
117 126 0
118 126 0.00904664288
119 126 -0.170039474
120 126 -0.98539481
121 126 0.0543356886
122 126 0.492668957
123 126 4.87704268e-18
124 126 149.803412
125 126 357.035398
126 126 185.920117
127 126 -0.147850348
128 126 -0.468652003
129 126 -0.064655854
